OTU	Test-Statistic	P	FDR_P	Bonferroni_P	diabetic_skin_mean	wound_mean
k__Bacteria;p__Verrucomicrobia	57.3030278388	3.7357966665e-14	1.71846646659e-12	1.71846646659e-12	0.000579674796748	1.37254901961e-05
k__Bacteria;p__Acidobacteria	46.4281643982	9.50395718453e-12	2.18591015244e-10	4.37182030488e-10	0.00113739837398	7.79411764706e-05
k__Bacteria;p__Fusobacteria	38.2796035712	6.13000277562e-10	7.60512784342e-09	2.81980127678e-08	0.00745609756098	5.53921568627e-05
k__Bacteria;p__Planctomycetes	38.1315666995	6.61315464645e-10	7.60512784342e-09	3.04205113737e-08	0.0010081300813	6.91176470588e-05
k__Bacteria;p__Armatimonadetes	35.1780777958	3.00891689069e-09	2.76820353944e-08	1.38410176972e-07	9.83739837398e-05	2.94117647059e-06
k__Bacteria;p__Cyanobacteria	32.2289639759	1.37032682352e-08	1.05058389803e-07	6.3035033882e-07	0.00777886178862	0.000458333333333
k__Bacteria;p__[Thermi]	31.5974984639	1.89673762153e-08	1.18840950326e-07	8.72499305904e-07	0.00161463414634	0.000150980392157
k__Bacteria;p__Bacteroidetes	31.430765546	2.06679913611e-08	1.18840950326e-07	9.50727602609e-07	0.011193495935	0.0037637254902
k__Bacteria;p__Gemmatimonadetes	31.0431200891	2.52359244429e-08	1.28983613819e-07	1.16085252438e-06	0.000339024390244	3.1862745098e-05
k__Bacteria;p__Chloroflexi	30.7096670246	2.99668364973e-08	1.37847447888e-07	1.37847447888e-06	0.000773170731707	0.00035931372549
k__Bacteria;p__WPS-2	24.7418621464	6.55449590342e-07	2.74097101416e-06	3.01506811557e-05	4.30894308943e-05	9.80392156863e-07
Unassigned;Other	22.515487835	2.08456104489e-06	7.99081733876e-06	9.58898080651e-05	0.000492682926829	0.000111274509804
k__Bacteria;p__FBP	17.6626489731	2.6375535106e-05	9.33288165289e-05	0.00121327461488	0.000149593495935	5.88235294118e-06
k__Bacteria;p__Nitrospirae	17.2211077607	3.32719009339e-05	0.000109321960211	0.00153050744296	3.49593495935e-05	1.96078431373e-06
k__Bacteria;p__Actinobacteria	16.7359853919	4.29584057392e-05	0.000131739110934	0.00197608666401	0.114986178862	0.0809161764706
k__Bacteria;p__Synergistetes	12.2769081111	0.000458597524596	0.00131846788321	0.0210954861314	1.21951219512e-05	0.0
k__Archaea;p__Crenarchaeota	11.1868055218	0.000823810534333	0.00222913438702	0.0378952845793	0.000187804878049	2.69607843137e-05
k__Bacteria;p__Chlamydiae	7.86095674584	0.00505136562068	0.0129090454751	0.232362818551	1.9512195122e-05	4.41176470588e-06
k__Archaea;p__Euryarchaeota	6.65891047563	0.00986612193612	0.0238864004769	0.453841609062	8.53658536585e-05	5.39215686275e-06
k__Bacteria;p__Elusimicrobia	5.06831941582	0.0243669964992	0.0560440919483	1.0	5.69105691057e-06	0.0
k__Bacteria;p__Tenericutes	3.87103648434	0.0491261744405	0.102750952375	1.0	4.06504065041e-05	5.39215686275e-06
k__Bacteria;p__BRC1	3.87050409	0.0491417598317	0.102750952375	1.0	4.06504065041e-06	9.80392156863e-07
k__Bacteria;p__GN02	3.3477868112	0.0672954355893	0.128982918213	1.0	4.06504065041e-06	0.0
k__Bacteria;p__SR1	3.3477868112	0.0672954355893	0.128982918213	1.0	3.25203252033e-06	0.0
k__Bacteria;p__Spirochaetes	3.20034456339	0.0736227575437	0.13546587388	1.0	1.38211382114e-05	1.02941176471e-05
k__Bacteria;p__TM7	2.5101393141	0.113115931525	0.200128186545	1.0	4.06504065041e-06	4.90196078431e-07
k__Bacteria;p__Chlorobi	2.33276220735	0.126676916459	0.215819931745	1.0	9.75609756098e-06	1.96078431373e-06
k__Bacteria;p__OD1	1.65853658536	0.197801027038	0.303294908125	1.0	1.62601626016e-06	0.0
k__Bacteria;p__OP11	1.65853658536	0.197801027038	0.303294908125	1.0	8.13008130081e-07	0.0
k__Bacteria;p__WS2	1.65853658536	0.197801027038	0.303294908125	1.0	1.62601626016e-06	0.0
k__Bacteria;p__Proteobacteria	1.58083996348	0.208639745023	0.309594460357	1.0	0.170034146341	0.31842745098
k__Bacteria;p__Firmicutes	1.25372375114	0.262842450977	0.375551820593	1.0	0.681872357724	0.595451470588
k__Bacteria;p__Fibrobacteres	1.21970980495	0.269417610425	0.375551820593	1.0	7.31707317073e-06	9.80392156863e-07
k__Bacteria;p__	0.602941176468	0.437458029322	0.558974148579	1.0	0.0	4.90196078431e-07
k__Bacteria;p__Aquificae	0.602941176468	0.437458029322	0.558974148579	1.0	0.0	2.8431372549e-05
k__Bacteria;p__NKB19	0.602941176468	0.437458029322	0.558974148579	1.0	0.0	1.51960784314e-05
k__Bacteria;p__TM6	0.14190445826	0.70639501576	0.878220830404	1.0	6.50406504065e-06	4.90196078431e-07
k__Archaea;p__[Parvarchaeota]	nan	nan	1.0	nan	0.0	0.0
k__Bacteria;p__AD3	nan	nan	1.0	nan	0.0	0.0
k__Bacteria;p__BHI80-139	nan	nan	1.0	nan	0.0	0.0
k__Bacteria;p__Deferribacteres	nan	nan	1.0	nan	0.0	0.0
k__Bacteria;p__GN04	nan	nan	1.0	nan	0.0	0.0
k__Bacteria;p__Lentisphaerae	nan	nan	1.0	nan	0.0	0.0
k__Bacteria;p__MVP-21	nan	nan	1.0	nan	0.0	0.0
k__Bacteria;p__OP3	nan	nan	1.0	nan	0.0	0.0
k__Bacteria;p__WS3	nan	nan	1.0	nan	0.0	0.0